1.000000000000000000e+00,7.628541448058762109e-01,8.163693599160545267e-01,9.422875131164742957e-01,9.534237052485227126e-01,7.670514165792234884e-01,7.618048268625393638e-01,9.206016089541797509e-01,9.216509268975165980e-01,9.332401258301292746e-01,9.801393728222996815e-01,7.534102833158446977e-01,9.455497382198952971e-01,9.300943725969940123e-01,7.897866386848548803e-01,9.717474712242762935e-01,9.437259699405802227e-01,9.690434782608695619e-01,9.662256267409470301e-01,7.817418677859391263e-01,7.527107380202867626e-01,9.213011542497376860e-01,9.546089385474860745e-01,9.370409233997901710e-01,7.691500524658971827e-01,7.778943686603707608e-01,7.743966421825813073e-01,9.405386498775796245e-01,7.740468695348023953e-01,7.810423224903813022e-01,9.377391304347826306e-01,9.557182705718270110e-01,9.490579204466155216e-01,7.838405036726128206e-01,9.335431969220007176e-01,9.490579204466155216e-01,9.415879678209163606e-01,9.548793284365162393e-01,7.282266526757608105e-01,7.894368660370758572e-01,9.419580419580420028e-01,9.489867225716281940e-01,9.310947883875481113e-01,8.366561734872333123e-01,7.558586918502973040e-01,9.394893319342427773e-01,7.852395942637285797e-01,7.621545995103182758e-01,9.499825113676110266e-01,7.376705141657922127e-01,9.307450157397691992e-01,9.696335078534031870e-01,9.714086471408647228e-01,9.599721545422902347e-01,9.595677936563262733e-01,9.328436516264427825e-01,7.838405036726128206e-01,7.866386848548443389e-01,9.647592463363573456e-01,9.433368310598111428e-01,7.457152850647079667e-01,9.503988900450919264e-01,7.597061909758656695e-01,9.656607700312175302e-01,9.384400139909059302e-01,7.869884575026232509e-01,9.366911507520111480e-01,6.421825813221405665e-01,9.230500174886323572e-01,7.722980062959076131e-01,7.799930045470444551e-01,9.554317548746518174e-01,9.310947883875481113e-01,7.502623294858341563e-01,9.293459251486533290e-01,9.471843301853795083e-01,9.622377622377622508e-01,9.601816276632902936e-01,9.540549947789767060e-01,9.636236446309898174e-01,7.429171038824763373e-01,9.603478260869565686e-01,9.569779643231899335e-01,7.939839104582021578e-01,9.710902124695227622e-01,9.619944211994421179e-01,8.016789087093388888e-01,7.918852745715284636e-01,9.621001390820583810e-01,9.393305439330543738e-01,9.564004185559819016e-01,9.534802378454004801e-01,9.554627696590117791e-01,9.296956977964323521e-01,9.314445610353270233e-01,9.580272822665267807e-01,7.502623294858341563e-01,7.691500524658971827e-01,9.598743893928820548e-01,9.545295557887373272e-01,9.493006993006992689e-01,9.293459251486533290e-01,9.419377404686953836e-01,9.651446497037294847e-01,7.754459601259181545e-01,9.591194968553459210e-01,9.433962264150943522e-01,9.472212513107305387e-01,9.423480083857442846e-01,9.587844917918267873e-01,7.816975200838282012e-01,7.946834557537600929e-01,9.440559440559440629e-01,9.306136680613668055e-01,7.730916695712791720e-01,9.338929695697796296e-01,9.428372255141164171e-01,9.282966072053165929e-01,7.831409583770548855e-01,9.626004893393917961e-01,7.859391395592865148e-01,9.478838754809374434e-01,9.618747813920951462e-01,9.562500000000000444e-01,9.503322840153900497e-01,7.600559636236445815e-01,9.587268275620846048e-01,9.594263728576425398e-01,9.464847848898215732e-01,7.918852745715284636e-01,7.866386848548443389e-01,7.729975515914655482e-01,7.348723329835606943e-01,9.569444444444444864e-01,8.041273172437914951e-01
7.628541448058762109e-01,1.000000000000000000e+00,6.499297752808989026e-01,7.415180132913605782e-01,7.525199860966284016e-01,9.243224216825061124e-01,6.242488511841640664e-01,7.253595229743949879e-01,7.309322033898305593e-01,7.382034253757427944e-01,7.770034843205574360e-01,9.098621420996818587e-01,7.567190226876090442e-01,7.378538972387277406e-01,9.424964936886395250e-01,7.683990233693756000e-01,7.469416288011184735e-01,7.662608695652174395e-01,7.667130919220055407e-01,9.347597334268678004e-01,9.084482149169317289e-01,7.251051893408134719e-01,7.569832402234636382e-01,7.489466292134830949e-01,9.261484098939929410e-01,9.270613107822409660e-01,9.238061797752809001e-01,7.427969079409697528e-01,9.215270413573700692e-01,9.355860612460401571e-01,7.457391304347825711e-01,7.590655509065551421e-01,7.438939288206559697e-01,6.228349240014139365e-01,7.361208713984539465e-01,7.438939288206559697e-01,7.447257383966244815e-01,7.638208537438768708e-01,8.801696712619300200e-01,6.267232237539767103e-01,7.398601398601398760e-01,7.473794549266247200e-01,7.457152850647079667e-01,6.470795214637579118e-01,9.179922234004949111e-01,7.451872593629681463e-01,9.376095338240448829e-01,9.179922234004949111e-01,7.544596012591815448e-01,8.893976752377598105e-01,7.286414565826330181e-01,7.661431064572425953e-01,7.681311018131101731e-01,7.577445179255134500e-01,7.598466364586964339e-01,7.382785164450664794e-01,6.185931424531636580e-01,6.116983791402396120e-01,7.665736217725052093e-01,7.462054359336393050e-01,8.985507246376811530e-01,7.509538674991328433e-01,6.164722516790385187e-01,7.634408602150537515e-01,7.434187434187433663e-01,9.382889200561009835e-01,7.363987363987364310e-01,5.355249204665959439e-01,7.507953340402969689e-01,6.136443973135383700e-01,9.270687237026647987e-01,7.559192200557103281e-01,7.499121882683525975e-01,9.116295510781194933e-01,7.404795486600845855e-01,7.472873643682184097e-01,7.583916083916083517e-01,7.635347537548026198e-01,7.605290636964845419e-01,7.631210636808957171e-01,5.659243548957229031e-01,7.610434782608695992e-01,7.493866105853487225e-01,6.443973135383527229e-01,7.722048066875653038e-01,7.642956764295676386e-01,9.550877192982456521e-01,9.439383321653819214e-01,7.597357440890125657e-01,7.531380753138074979e-01,7.530519707010813191e-01,7.523642732049037329e-01,7.574808629088378709e-01,7.412759957701797742e-01,7.281315605318404716e-01,7.539376968848442440e-01,9.038529515729939456e-01,9.226985242445537860e-01,7.564549895324493844e-01,7.570028011204481544e-01,7.510489510489510856e-01,7.357494722026741707e-01,7.549088359046283170e-01,7.654234925060996453e-01,9.252631578947367874e-01,7.589098532494759075e-01,7.428371767994409458e-01,7.595246417336595224e-01,7.403913347309574178e-01,7.582954942368145268e-01,9.193154034229829019e-01,9.383753501400560193e-01,7.437062937062937085e-01,7.346582984658298621e-01,9.159986057859881292e-01,7.435269419174247441e-01,7.476472638550017979e-01,7.347871966232852881e-01,9.327227897146882496e-01,7.602236980076896300e-01,9.432699083861874056e-01,7.520111927247289385e-01,7.589223233030091276e-01,7.552083333333333703e-01,7.509659290481208727e-01,9.236479321314952085e-01,7.612044817927170470e-01,7.707162921348315043e-01,7.484254723582924873e-01,9.411558669001751642e-01,9.409905163329821409e-01,9.218859957776214253e-01,5.934959349593496025e-01,7.593750000000000222e-01,6.260162601626015899e-01
8.163693599160545267e-01,6.499297752808989026e-01,1.000000000000000000e+00,7.925848198670863987e-01,8.022245394508168426e-01,6.358848314606742047e-01,6.527387640449437978e-01,7.737635917222027704e-01,7.696629213483145993e-01,7.860887801468018354e-01,8.275261324041811584e-01,6.302668539325843033e-01,7.986038394415357899e-01,7.790982174065012034e-01,6.609396914446002969e-01,8.189745378444367452e-01,7.906326459279972019e-01,8.166956521739130448e-01,8.154596100278551640e-01,6.541564363381269231e-01,6.200842696629212947e-01,7.734922861150069773e-01,8.027234636871508622e-01,7.977528089887639950e-01,6.355337078651684957e-01,6.481741573033708015e-01,6.464185393258427004e-01,7.974016853932583970e-01,6.404494382022472010e-01,6.478230337078652035e-01,7.975652173913043708e-01,8.029986052998605572e-01,7.969295184926726838e-01,6.713483146067416030e-01,7.959971910112360050e-01,7.990230286113049196e-01,8.072331460674156967e-01,8.019594121763471417e-01,6.004213483146066954e-01,6.481741573033708015e-01,7.919580419580419806e-01,7.959468902865128870e-01,7.782441413081496728e-01,7.089185393258427004e-01,6.250000000000000000e-01,7.840392019600980200e-01,6.529968454258675559e-01,6.288623595505618002e-01,8.002798181182231296e-01,6.074438202247190999e-01,7.769607843137255054e-01,8.167539267015706539e-01,8.190376569037657317e-01,8.096066829098503836e-01,8.069013593586615851e-01,7.900629811056683049e-01,6.727528089887639950e-01,6.604634831460673983e-01,8.119330076762037995e-01,7.931882022471909988e-01,6.221910112359551048e-01,8.102670828997572405e-01,6.422050561797753021e-01,8.178980228928199869e-01,7.879957879957879552e-01,6.532258064516128782e-01,7.904527904527904880e-01,5.565308988764045006e-01,7.935393258426965968e-01,6.436095505617978052e-01,6.469144460028050103e-01,8.074512534818941711e-01,7.882724719101124045e-01,6.221910112359551048e-01,7.812500000000000000e-01,7.976898844942247324e-01,8.090909090909090828e-01,8.092909535452322833e-01,8.036895231465367440e-01,8.177046885934219356e-01,6.242977528089888040e-01,8.090434782608695308e-01,8.177357167893445355e-01,6.537921348314607028e-01,8.178335074886798894e-01,8.127615062761506248e-01,6.677192982456140458e-01,6.569726699369305978e-01,8.136300417246175032e-01,7.921896792189678793e-01,8.074642483432159512e-01,8.014010507880910961e-01,8.041057759220598955e-01,7.812500000000000000e-01,7.876137158852344333e-01,8.102905145257263131e-01,6.344803370786517016e-01,6.411516853932583970e-01,8.070481507327285087e-01,8.021708683473389723e-01,7.982517482517482721e-01,7.896769662921347965e-01,7.910238429172510299e-01,8.170094109445800168e-01,6.403508771929824483e-01,8.071278825995806816e-01,7.952480782669462123e-01,7.972736805312827801e-01,7.935010482180293589e-01,8.124345092560251169e-01,6.451274886482710746e-01,6.593137254901960675e-01,7.993006993006992467e-01,7.831241283124128483e-01,6.382014639247124421e-01,7.925122463261021766e-01,7.926106657371906339e-01,7.791432584269663009e-01,6.471207865168538964e-01,8.116043341488989871e-01,6.601123595505618002e-01,7.946834557537600929e-01,8.051084674597620561e-01,8.041666666666666963e-01,8.082865168539326017e-01,6.281601123595506042e-01,8.063725490196078649e-01,8.093398876404493958e-01,7.995101469559132701e-01,6.567425569176882361e-01,6.555477528089888040e-01,6.393960674157302959e-01,6.242977528089888040e-01,8.076388888888889062e-01,6.573033707865169051e-01
9.422875131164742957e-01,7.415180132913605782e-01,7.925848198670863987e-01,1.000000000000000000e+00,9.283976364268334835e-01,7.443161944735922075e-01,7.373207415180133006e-01,8.971668415529905349e-01,8.936691150752010815e-01,9.080740999650471768e-01,9.550522648083623611e-01,7.355718782791185184e-01,9.246073298429319243e-01,9.066759874169870725e-01,7.670514165792234884e-01,9.466341123125218138e-01,9.185599440754981249e-01,9.439999999999999503e-01,9.411559888579387190e-01,7.632039174536551229e-01,7.331234697446659121e-01,8.971668415529905349e-01,9.294692737430167995e-01,9.118572927597061728e-01,7.541098286114026328e-01,7.604057362714236046e-01,7.537600559636236097e-01,9.157047918852745383e-01,7.541098286114026328e-01,7.628541448058762109e-01,9.133913043478261162e-01,9.306136680613668055e-01,9.221912072575016994e-01,7.600559636236445815e-01,9.195522910108429038e-01,9.221912072575016994e-01,9.164043371808324734e-01,9.296956977964323521e-01,7.054914305701294186e-01,7.701993704092340298e-01,9.167832167832168366e-01,9.238294898672256839e-01,9.101084295208115016e-01,7.995802728226653056e-01,7.331234697446659121e-01,9.111577474641483487e-01,7.625043721580971878e-01,7.394193774046869949e-01,9.268975166142007227e-01,7.149352920601609318e-01,9.038125218607905298e-01,9.479930191972076869e-01,9.463040446304045172e-01,9.349112426035502965e-01,9.362147089578249926e-01,9.076600209863588953e-01,7.621545995103182758e-01,7.691500524658971827e-01,9.542916957431960556e-01,9.181532004197271446e-01,7.229800629590765748e-01,9.313215400624349494e-01,7.366211962224553655e-01,9.406867845993756028e-01,9.132563833508219320e-01,7.646030080447708821e-01,9.115075201119272608e-01,6.243441762854144983e-01,8.999650227352220533e-01,7.341727876880027592e-01,7.600559636236445815e-01,9.303621169916435063e-01,9.076600209863588953e-01,7.275271073802028754e-01,9.059111577474641130e-01,9.220006995452955101e-01,9.370629370629370847e-01,9.350331819769472919e-01,9.289940828402366568e-01,9.384400139909059302e-01,7.257782441413082042e-01,9.370434782608695334e-01,9.300454704442112641e-01,7.694998251136760947e-01,9.453152211772901659e-01,9.368898186889819124e-01,7.789436866037076079e-01,7.691500524658971827e-01,9.370653685674548150e-01,9.152719665271966676e-01,9.333798395535403136e-01,9.282966072053165929e-01,9.318023660403618180e-01,9.034627492130115067e-01,9.080097936341378073e-01,9.366911507520111480e-01,7.320741518013291760e-01,7.467646030080448138e-01,9.347522679692952252e-01,9.293459251486533290e-01,9.276223776223776474e-01,9.041622945085694418e-01,9.157047918852745383e-01,9.400487974904148114e-01,7.492130115424974202e-01,9.339622641509434109e-01,9.227812718378756163e-01,9.227542817196784375e-01,9.171907756813417745e-01,9.336360461054837856e-01,7.586447782046804589e-01,7.719482336481287010e-01,9.178321678321678112e-01,9.184100418410041655e-01,7.479958173579644987e-01,9.097586568730324785e-01,9.187870338096897349e-01,9.038125218607905298e-01,7.576075550891919752e-01,9.374344634743096982e-01,7.632039174536551229e-01,9.237495627841902923e-01,9.293459251486533290e-01,9.322916666666666297e-01,9.251486533753060515e-01,7.341727876880027592e-01,9.335431969220007176e-01,9.342427422175585416e-01,9.258481986708639866e-01,7.691500524658971827e-01,7.639034627492130580e-01,7.499125568380552442e-01,7.086393844001399600e-01,9.343749999999999556e-01,7.796432318992654320e-01
9.534237052485227126e-01,7.525199860966284016e-01,8.022245394508168426e-01,9.283976364268334835e-01,1.000000000000000000e+00,7.566909975669099397e-01,7.525199860966284016e-01,9.131039277024678436e-01,9.127563434132777154e-01,9.235314563781716890e-01,9.732360097323601300e-01,7.445255474452554534e-01,9.370872436565866881e-01,9.204031977754605354e-01,7.792839763642683826e-01,9.638512339242266691e-01,9.339589850538755345e-01,9.638512339242266691e-01,9.600278067431352591e-01,7.716371220020854516e-01,7.490441432047271197e-01,9.110184219673270745e-01,9.457768508863398926e-01,9.277024678484532272e-01,7.587765033020507088e-01,7.674661105318039134e-01,7.639902676399026316e-01,9.301355578727841245e-01,7.636426833507125034e-01,7.705943691345150670e-01,9.325686478971150217e-01,9.482099409106707899e-01,9.412582551268682263e-01,7.761557177615572289e-01,9.231838720889815608e-01,9.374348279457768163e-01,9.311783107403545090e-01,9.443865137295793799e-01,7.181091414668057116e-01,7.782412234966979980e-01,9.318734793187347654e-01,9.395203336809175854e-01,9.207507820646506635e-01,8.182134167535627389e-01,7.455683003128258379e-01,9.266597149808828426e-01,7.758081334723671008e-01,7.518248175182481452e-01,9.395203336809175854e-01,7.288842544316996852e-01,9.176225234619395099e-01,9.610705596107056436e-01,9.638512339242266691e-01,9.575947167188043618e-01,9.523809523809523281e-01,9.280500521376433554e-01,7.712895377128953234e-01,7.771984706291276135e-01,9.565519638512339773e-01,9.329162321863051499e-01,7.379214459506430179e-01,9.458896982310093238e-01,7.521724018074382734e-01,9.611515782171349276e-01,9.280500521376433554e-01,7.765033020507473571e-01,9.263121306916927145e-01,6.350364963503649651e-01,9.127563434132777154e-01,7.577337504344803243e-01,7.695516162669446825e-01,9.492526937782411744e-01,9.207507820646506635e-01,7.413972888425442997e-01,9.190128606187000226e-01,9.367396593673965599e-01,9.520333680917621999e-01,9.509906152241918154e-01,9.482099409106707899e-01,9.530761209593325844e-01,7.372262773722627616e-01,9.558567952728537209e-01,9.395203336809175854e-01,7.771984706291276135e-01,9.624608967674661564e-01,9.544664581160930972e-01,7.911018421967327408e-01,7.813694820994091517e-01,9.572471324296142337e-01,9.318734793187347654e-01,9.485575251998609181e-01,9.429961765728188672e-01,9.586374695863747464e-01,9.165797705943691254e-01,9.210983663538407917e-01,9.468196037539102772e-01,7.400069516857837870e-01,7.612095933263816061e-01,9.516857838025720717e-01,9.440389294403892517e-01,9.391727493917274572e-01,9.190128606187000226e-01,9.388251651025373290e-01,9.579423010079944900e-01,7.615571776155717343e-01,9.496002780674313026e-01,9.339589850538755345e-01,9.374348279457768163e-01,9.356969064998261754e-01,9.513381995133819435e-01,7.688564476885644261e-01,7.841501564129301771e-01,9.311783107403545090e-01,9.245742092457420735e-01,7.632950990615223752e-01,9.238790406673618172e-01,9.322210636079248935e-01,9.179701077511296381e-01,7.698992005561348106e-01,9.551616266944734646e-01,7.754605491831769726e-01,9.374348279457768163e-01,9.440389294403892517e-01,9.517361111111111160e-01,9.454292665971497645e-01,7.466110531803962225e-01,9.482099409106707899e-01,9.489051094890510463e-01,9.370872436565866881e-01,7.813694820994091517e-01,7.761557177615572289e-01,7.625999304831421188e-01,7.316649287452207107e-01,9.524305555555555580e-01,7.872784150156413308e-01
7.670514165792234884e-01,9.243224216825061124e-01,6.358848314606742047e-01,7.443161944735922075e-01,7.566909975669099397e-01,1.000000000000000000e+00,6.163322773671242594e-01,7.327253595229743510e-01,7.451601548750439452e-01,7.455435162530583693e-01,7.811846689895470819e-01,9.134107708553326210e-01,7.605584642233856885e-01,7.462425725270884769e-01,9.498597475455820005e-01,7.725845831880013836e-01,7.507864383082838433e-01,7.704347826086956896e-01,7.715877437325905364e-01,9.421255699754471635e-01,9.130587821189721787e-01,7.303646563814866211e-01,7.583798882681563880e-01,7.531601123595506042e-01,9.299542414642731902e-01,9.317141851460752910e-01,9.311797752808989026e-01,7.470133520730850574e-01,9.250263991552269971e-01,9.429778247096093358e-01,7.499130434782608212e-01,7.723152022315201704e-01,7.480809490579204413e-01,6.191481872580077983e-01,7.487702037947997491e-01,7.480809490579204413e-01,7.489451476793248519e-01,7.680195941217634603e-01,8.838437170010560173e-01,6.335797254487856023e-01,7.423076923076923350e-01,7.515723270440252124e-01,7.541098286114026328e-01,6.516537649542575306e-01,9.179866244280182608e-01,7.455372768638431902e-01,9.449702067998597688e-01,9.215065117916226844e-01,7.548093739069604569e-01,9.007391763463569179e-01,7.345938375350140603e-01,7.703315881326352477e-01,7.723152022315201704e-01,7.619213365819700323e-01,7.640292784942488424e-01,7.361791462561231292e-01,6.212601196761703415e-01,6.159802886307638170e-01,7.707606420097696809e-01,7.529039070749735663e-01,8.996832101372755908e-01,7.523413111342351911e-01,6.135163674762407204e-01,7.676031911203606839e-01,7.553527553527553673e-01,9.431977559607293005e-01,7.486837486837486511e-01,5.339669130587820778e-01,7.398803238296374207e-01,6.202041534670890144e-01,9.344319775596072741e-01,7.600974930362116577e-01,7.397260273972602329e-01,9.116508271735304092e-01,7.469200985568461570e-01,7.542877143857192879e-01,7.625874125874125831e-01,7.677261613691931386e-01,7.626174730247128331e-01,7.669699090272917852e-01,5.688137979584653170e-01,7.652173913043478493e-01,7.535927094286716255e-01,6.441393875395987623e-01,7.763845350052246408e-01,7.684797768479776359e-01,9.624561403508772317e-01,9.526979677645409650e-01,7.635605006954102603e-01,7.500000000000000000e-01,7.572375305197069917e-01,7.565674255691768879e-01,7.609603340292275808e-01,7.416402675114396326e-01,7.319804058782365397e-01,7.581379068953447709e-01,9.088349172826469813e-01,9.300773014757554025e-01,7.606420097697138560e-01,7.612044817927170470e-01,7.555944055944056048e-01,7.339901477832512233e-01,7.531556802244039339e-01,7.696061345416521648e-01,9.326315789473683671e-01,7.700908455625437021e-01,7.466806429070580453e-01,7.619713386927647880e-01,7.445842068483577991e-01,7.638840377226685519e-01,9.266503667481662543e-01,9.495798319327730663e-01,7.479020979020979398e-01,7.451185495118549662e-01,9.257581038689438602e-01,7.477256822953114446e-01,7.438131753224119791e-01,7.390080900457263180e-01,9.401619148187257968e-01,7.644180356518699426e-01,9.496656107004576297e-01,7.579573277369709983e-01,7.613715885234429992e-01,7.593750000000000222e-01,7.625570776255707894e-01,9.197465681098204726e-01,7.685574229691877202e-01,7.665028089887639950e-01,7.561231630510846236e-01,9.485113835376531854e-01,9.483667017913592900e-01,9.303307529908515505e-01,5.906370996128124107e-01,7.618055555555555136e-01,6.163322773671242594e-01
7.618048268625393638e-01,6.242488511841640664e-01,6.527387640449437978e-01,7.373207415180133006e-01,7.525199860966284016e-01,6.163322773671242594e-01,1.000000000000000000e+00,7.288670641880041767e-01,7.408192090395480101e-01,7.347081440055924784e-01,7.759581881533100800e-01,6.191994332270633894e-01,7.410122164048865701e-01,7.357567284166375288e-01,6.349929873772790501e-01,7.697942099755842316e-01,7.455435162530583693e-01,7.666086956521739326e-01,7.663649025069637633e-01,6.236408277797264033e-01,5.937721160651097119e-01,7.293127629733520134e-01,7.615223463687150751e-01,7.461376404494381998e-01,6.169611307420495017e-01,6.198026779422127763e-01,6.183286516853933046e-01,7.420941672522839427e-01,6.232244318181817677e-01,6.212601196761703415e-01,7.426086956521739113e-01,7.580195258019525317e-01,7.470341939986043789e-01,6.073706591070162641e-01,7.484188334504567885e-01,7.491277041172366147e-01,7.492967651195499013e-01,7.666200139958012638e-01,5.939393939393939892e-01,6.238827314980336380e-01,7.405594405594405627e-01,7.571628232005590542e-01,7.345225603357817823e-01,6.604503870513722674e-01,6.090491339696005868e-01,7.318865943297164778e-01,6.246056782334384883e-01,6.088495575221238854e-01,7.555089192025183920e-01,5.825995068686157241e-01,7.293417366946778335e-01,7.650959860383944600e-01,7.719665271966527076e-01,7.594848590323703963e-01,7.553154409201812136e-01,7.358292512246326078e-01,6.427295462665237880e-01,6.264975334742776125e-01,7.602930914166085019e-01,7.536180727144370373e-01,5.972963358235503506e-01,7.509538674991328433e-01,6.118539934947596626e-01,7.624002774887270739e-01,7.507897507897507428e-01,6.286816269284712932e-01,7.483327483327483209e-01,5.218806509945750349e-01,7.347949080622347973e-01,6.180831826401446127e-01,6.157082748948106143e-01,7.513927576601671099e-01,7.397260273972602329e-01,5.976604041120170407e-01,7.503526093088858095e-01,7.521876093804690244e-01,7.576923076923076650e-01,7.555012224938875143e-01,7.553080403759137029e-01,7.683694891532539817e-01,5.838686652391149590e-01,7.620869565217390784e-01,7.560462670872765134e-01,6.332500891901533535e-01,7.673284569836293922e-01,7.601115760111576414e-01,6.400000000000000133e-01,6.320953048353188386e-01,7.583449235048678183e-01,7.402370990237099324e-01,7.645622602023021130e-01,7.541155866900175475e-01,7.515657620041753528e-01,7.416284807895664466e-01,7.354793561931420864e-01,7.528876443822191122e-01,6.070796460176991483e-01,6.205200281096275861e-01,7.568039078855547386e-01,7.503501400560224077e-01,7.594405594405594373e-01,7.371569317382125064e-01,7.419354838709677491e-01,7.626350644823980396e-01,6.231578947368421328e-01,7.624039133473096141e-01,7.494758909853249662e-01,7.423977630199231070e-01,7.393431167016072392e-01,7.607404820118756072e-01,6.182326231225986346e-01,6.309523809523809312e-01,7.569930069930069783e-01,7.262900976290097566e-01,6.134541652143603585e-01,7.403778866340098297e-01,7.399790867898222713e-01,7.421737601125572015e-01,6.216977809087707030e-01,7.630199231038098384e-01,6.268498942917547501e-01,7.467646030080448138e-01,7.578726382085374524e-01,7.541666666666666519e-01,7.520196698278890368e-01,6.055143160127253177e-01,7.640056022408963088e-01,7.580758426966291985e-01,7.494751574527641624e-01,6.308231173380034473e-01,6.301369863013698280e-01,6.140042223786066344e-01,6.065099457504520286e-01,7.534722222222222099e-01,6.336528221512247594e-01
9.206016089541797509e-01,7.253595229743949879e-01,7.737635917222027704e-01,8.971668415529905349e-01,9.131039277024678436e-01,7.327253595229743510e-01,7.288670641880041767e-01,1.000000000000000000e+00,8.842511399508944381e-01,8.940929744844460236e-01,9.369337979094076729e-01,7.155384075762890594e-01,9.050610820244328059e-01,8.933939182104159160e-01,7.521037868162693263e-01,9.298918730380187903e-01,9.003844809507165481e-01,9.259130434782608665e-01,9.230501392757660684e-01,7.439494914065239994e-01,7.148368993335671995e-01,8.884992987377279272e-01,9.148044692737430372e-01,8.961767800771659465e-01,7.344791301297790564e-01,7.400911960715538251e-01,7.443002455278849849e-01,9.017888460189407152e-01,7.411434584356366706e-01,7.439494914065239994e-01,8.980869565217390882e-01,9.124825662482566324e-01,9.106769016050244581e-01,7.527183444405471935e-01,8.926692388635566466e-01,9.023028611304955149e-01,9.035426166257453096e-01,9.118264520643807325e-01,6.955454226587162170e-01,7.607856892318485276e-01,9.020979020979020824e-01,9.067085953878406546e-01,8.989157047918853172e-01,7.877937565766397476e-01,7.179936864258155138e-01,8.935946797339866521e-01,7.469330529267437235e-01,7.236057523675902825e-01,9.066107030430220481e-01,7.008067344791301112e-01,8.914565826330532738e-01,9.263525305410121868e-01,9.292189679218968434e-01,9.168116950922380326e-01,9.163471592889508299e-01,8.904828551434569306e-01,7.467555243774114393e-01,7.593826727464048076e-01,9.214933705512909912e-01,9.098561908102420492e-01,7.165906699403717939e-01,9.101630246271245062e-01,7.348298842511399309e-01,9.226500173430454144e-01,8.996843212907751353e-01,7.503506311360448322e-01,9.014380918975798407e-01,6.194317783233953545e-01,8.821466152227288582e-01,7.323746054016134766e-01,7.429873772791023567e-01,9.157381615598886304e-01,8.937215012276393811e-01,7.137846369694843540e-01,8.916169764994739122e-01,9.100455022751137157e-01,9.188811188811188968e-01,9.168704156479217104e-01,9.112426035502958488e-01,9.205738278516445439e-01,7.155384075762890594e-01,9.172173913043478732e-01,9.123729407641079092e-01,7.544721150473517879e-01,9.258098223615465194e-01,9.187587168758717393e-01,7.639424763240968419e-01,7.533286615276804099e-01,9.224617524339360219e-01,9.030683403068340276e-01,9.131496337635158778e-01,9.145359019264448497e-01,9.199721642310368930e-01,8.860049105576990325e-01,8.904828551434569306e-01,9.145957297864892865e-01,7.123816204840406341e-01,7.313223430375307421e-01,9.176552686671318737e-01,9.135154061624649602e-01,9.129370629370628931e-01,8.884601894072254868e-01,8.997194950911641120e-01,9.219240153363541523e-01,7.341283760084180710e-01,9.157931516422082030e-01,9.028651292802236661e-01,9.038797623208668641e-01,9.018169112508734875e-01,9.154732797764583152e-01,7.425777156828501369e-01,7.556022408963585235e-01,9.059440559440559149e-01,8.912133891213389614e-01,7.344022307424189489e-01,8.908327501749475630e-01,8.961310561171139666e-01,8.888109435285864723e-01,7.425464749210802795e-01,9.192590003495281215e-01,7.481585408628551592e-01,9.048618398041272659e-01,9.114765570328901001e-01,9.159722222222221877e-01,9.175727814801823978e-01,7.190459487898982482e-01,9.163165266106442219e-01,9.210803226937916977e-01,9.034289713086074425e-01,7.530647985989492588e-01,7.488600491055770192e-01,7.407927043142756851e-01,7.085233251490704598e-01,9.138888888888888618e-01,7.646439845668187019e-01
9.216509268975165980e-01,7.309322033898305593e-01,7.696629213483145993e-01,8.936691150752010815e-01,9.127563434132777154e-01,7.451601548750439452e-01,7.408192090395480101e-01,8.842511399508944381e-01,1.000000000000000000e+00,8.905976931142957076e-01,9.344947735191637683e-01,7.295197740112994156e-01,8.998254799301920182e-01,8.843061866480251831e-01,7.528050490883591017e-01,9.260551098709451923e-01,9.017825934987766523e-01,9.234782608695651929e-01,9.240947075208914008e-01,7.467555243774114393e-01,7.185734463276836070e-01,8.818373071528752272e-01,9.102653631284916003e-01,8.971207865168538964e-01,7.379943502824858337e-01,7.477096546863988280e-01,7.422752808988763995e-01,9.068868587491215605e-01,7.422316384180790427e-01,7.469200985568461570e-01,8.921739130434782616e-01,9.170153417015342034e-01,9.026517794836008690e-01,7.602401129943502367e-01,8.942375263527758689e-01,9.057920446615491672e-01,9.033052039381153087e-01,9.146256123163051255e-01,7.058615819209039799e-01,7.591807909604519899e-01,8.996503496503496233e-01,9.032145352900069479e-01,8.852745715285064154e-01,7.987332864180154424e-01,7.238700564971751739e-01,8.946447322366117838e-01,7.479845776375745325e-01,7.312853107344632342e-01,9.062609303952431361e-01,7.122226135963367621e-01,8.830532212885153776e-01,9.239092495636997970e-01,9.257322175732217717e-01,9.143752175426383966e-01,9.139072847682119249e-01,8.876836948915325376e-01,7.545903954802259950e-01,7.491190979563072672e-01,9.190509420795534012e-01,9.223438051535475246e-01,7.182203389830508211e-01,9.049601109954907852e-01,7.242231638418079598e-01,9.202219909816163890e-01,8.957528957528957392e-01,7.500000000000000000e-01,8.939978939978939776e-01,6.211158192090395769e-01,8.855932203389830226e-01,7.422316384180790427e-01,7.440392706872370754e-01,9.129526462395542996e-01,8.921671935370565354e-01,7.206920903954802116e-01,8.906911142454160268e-01,9.019950997549877059e-01,9.164335664335664378e-01,9.168704156479217104e-01,9.136790810998955958e-01,9.181245626312106722e-01,7.139830508474576121e-01,9.147826086956521996e-01,9.060637924991237213e-01,7.482344632768361814e-01,9.261581330546847513e-01,9.163179916317991669e-01,7.652631578947368673e-01,7.547302032235458924e-01,9.165507649513212618e-01,8.947001394700139221e-01,9.114056505057551716e-01,9.089316987740805320e-01,9.098816979819067674e-01,8.910821290095171099e-01,8.911826452064380844e-01,9.121456072803639792e-01,7.182203389830508211e-01,7.449051300070274051e-01,9.141660851360781104e-01,9.096638655462184753e-01,9.034965034965034558e-01,8.888106966924700370e-01,9.025245441795231027e-01,9.194841408156152474e-01,7.414035087719298422e-01,9.178895877009084492e-01,8.986722571628231737e-01,9.014330653617615985e-01,8.993710691823899595e-01,9.130282920013971237e-01,7.446734194900453963e-01,7.566526610644257467e-01,8.958041958041957908e-01,8.849372384937238545e-01,7.316138027187173432e-01,8.883834849545136914e-01,8.936911815963750616e-01,8.899050298979950258e-01,7.506164142303628495e-01,9.182104159384830711e-01,7.526427061310781985e-01,9.094088842252535665e-01,9.090272918124562285e-01,9.107638888888889284e-01,9.083245521601686079e-01,7.249293785310734206e-01,9.138655462184873679e-01,9.209971910112360050e-01,9.009797060881735709e-01,7.562171628721541250e-01,7.509659290481208727e-01,7.385643912737508421e-01,7.048022598870056221e-01,9.114583333333333703e-01,7.782485875706214307e-01
9.332401258301292746e-01,7.382034253757427944e-01,7.860887801468018354e-01,9.080740999650471768e-01,9.235314563781716890e-01,7.455435162530583693e-01,7.347081440055924784e-01,8.940929744844460236e-01,8.905976931142957076e-01,1.000000000000000000e+00,9.501742160278745519e-01,7.273680531282767925e-01,9.155322862129144923e-01,9.017825934987766523e-01,7.605732261447046838e-01,9.417509591907917699e-01,9.150646627053478088e-01,9.412173913043477835e-01,9.362813370473537233e-01,7.525340789933590013e-01,7.235232436211115337e-01,8.958406151695211816e-01,9.245810055865921750e-01,9.105207969241524424e-01,7.399510660608178414e-01,7.486892694861936315e-01,7.458930443900734231e-01,9.119189094722125466e-01,7.448444599790282616e-01,7.518350227193288937e-01,9.078260869565217828e-01,9.278242677824267703e-01,9.190509420795534012e-01,7.577770010485843644e-01,9.028311779098217027e-01,9.166085136078158113e-01,9.108703250611673852e-01,9.241523942677385417e-01,7.022020272631946947e-01,7.616218105557497342e-01,9.115693813351974928e-01,9.189378057302585168e-01,9.003844809507165481e-01,7.955260398462076221e-01,7.315623907724572161e-01,9.077245718280321229e-01,7.581265291855994182e-01,7.329605033205173203e-01,9.192590003495281215e-01,7.154840964697658512e-01,9.035302341838518103e-01,9.396160558464223822e-01,9.414225941422593724e-01,9.300382875043508024e-01,9.323806204252352847e-01,9.066759874169870725e-01,7.658161481999300468e-01,7.616218105557497342e-01,9.357990230286112876e-01,9.150646627053478088e-01,7.165326808808109016e-01,9.223031564342698552e-01,7.315623907724572161e-01,9.358307318765175520e-01,9.077245718280321229e-01,7.577770010485843644e-01,9.059769311429569649e-01,6.382383781894442887e-01,8.937434463474309698e-01,7.354072002796224750e-01,7.507864383082838433e-01,9.272284122562673980e-01,9.031807060468367565e-01,7.263194687172317421e-01,9.010835372247465447e-01,9.227542817196784375e-01,9.318420132820691704e-01,9.301432064268250199e-01,9.241211277410372738e-01,9.384830478853547486e-01,7.221251310730514295e-01,9.304347826086956097e-01,9.192590003495281215e-01,7.696609577070954167e-01,9.390456287008011049e-01,9.320083682008367676e-01,7.724571828032156251e-01,7.626703949667947846e-01,9.321974965229485877e-01,9.093444909344491345e-01,9.264039065224973779e-01,9.227542817196784375e-01,9.255393180236604067e-01,8.996854246766864405e-01,9.045788185948968607e-01,9.265990912268438073e-01,7.210765466620062680e-01,7.399510660608178414e-01,9.298674110258199343e-01,9.238028661307234879e-01,9.210066410346032795e-01,9.031807060468367565e-01,9.101712687871373886e-01,9.386545834785640086e-01,7.427472911569381608e-01,9.290705800139762438e-01,9.210342417889587630e-01,9.171618315274379096e-01,9.122990915443746074e-01,9.287460705553615137e-01,7.495633950401676682e-01,7.654666200629151041e-01,9.143656064313177012e-01,9.051603905160390262e-01,7.417218543046357748e-01,9.031807060468367565e-01,9.107703032415476185e-01,8.986368402656413901e-01,7.511359664452988971e-01,9.325410695560992780e-01,7.598741698706745762e-01,9.171618315274379096e-01,9.265990912268438073e-01,9.263888888888889284e-01,9.210066410346032795e-01,7.305138063614120547e-01,9.279972037749039115e-01,9.286962600489339081e-01,9.182104159384830711e-01,7.626703949667947846e-01,7.574274729115694216e-01,7.462425725270884769e-01,7.022020272631946947e-01,9.270833333333333703e-01,7.756029360363508873e-01
9.801393728222996815e-01,7.770034843205574360e-01,8.275261324041811584e-01,9.550522648083623611e-01,9.732360097323601300e-01,7.811846689895470819e-01,7.759581881533100800e-01,9.369337979094076729e-01,9.344947735191637683e-01,9.501742160278745519e-01,1.000000000000000000e+00,7.675958188153310102e-01,9.637630662020906236e-01,9.470383275261323730e-01,8.038327526132403866e-01,9.905923344947735742e-01,9.606271777003484447e-01,9.888695652173913331e-01,9.860724233983286791e-01,7.958188153310103985e-01,7.644599303135888313e-01,9.376306620209059473e-01,9.724738675958187750e-01,9.533101045296167309e-01,7.832752613240417938e-01,7.919860627177700563e-01,7.885017421602787957e-01,9.567944250871079914e-01,7.881533101045296030e-01,7.951219512195122352e-01,9.575652173913044019e-01,9.749128919860626796e-01,9.641114982578397052e-01,8.006968641114982077e-01,9.498257839721254703e-01,9.641114982578397052e-01,9.578397212543553474e-01,9.710801393728223374e-01,7.425087108013936898e-01,8.038327526132403866e-01,9.585365853658536217e-01,9.662020905923345282e-01,9.473867595818815657e-01,8.407665505226480374e-01,7.700348432055749148e-01,9.526132404181184565e-01,7.993031358885017701e-01,7.763066202090592727e-01,9.662020905923345282e-01,7.519163763066202266e-01,9.442508710801393867e-01,9.878048780487804770e-01,9.905923344947735742e-01,9.798120431604594449e-01,9.790940766550522145e-01,9.491289198606271960e-01,7.972125435540069471e-01,8.034843205574913050e-01,9.832752613240418604e-01,9.595818815331010887e-01,7.599303135888502148e-01,9.701699618453000218e-01,7.735191637630661754e-01,9.854318418314256256e-01,9.547038327526132795e-01,8.010452961672474004e-01,9.529616724738676492e-01,6.595818815331010443e-01,9.393728222996515775e-01,7.756097560975609984e-01,7.940766550522647682e-01,9.752785515320334664e-01,9.473867595818815657e-01,7.644599303135888313e-01,9.456445993031359354e-01,9.634146341463414309e-01,9.787456445993031329e-01,9.777003484320557769e-01,9.738948833971458052e-01,9.797909407665504888e-01,7.599303135888502148e-01,9.801739130434782288e-01,9.662020905923345282e-01,7.993031358885017701e-01,9.888540578195750275e-01,9.811846689895470375e-01,8.156794425087108280e-01,8.059233449477352096e-01,9.819193324061196160e-01,9.585365853658536217e-01,9.752613240418118723e-01,9.696864111498257888e-01,9.752957550452331370e-01,9.432055749128920308e-01,9.477351916376306473e-01,9.735191637630662420e-01,7.644599303135888313e-01,7.832752613240417938e-01,9.783972125435540512e-01,9.707317073170731447e-01,9.658536585365853355e-01,9.456445993031359354e-01,9.571428571428571841e-01,9.846689895470382980e-01,7.860627177700348911e-01,9.763066202090592283e-01,9.606271777003484447e-01,9.641114982578397052e-01,9.595818815331010887e-01,9.763066202090592283e-01,7.933797909407666049e-01,8.087108013937281958e-01,9.578397212543553474e-01,9.498257839721254703e-01,7.871080139372822471e-01,9.501742160278745519e-01,9.588850174216028144e-01,9.445993031358884684e-01,7.944250871080139609e-01,9.794425087108014072e-01,8.000000000000000444e-01,9.641114982578397052e-01,9.707317073170731447e-01,9.760416666666666963e-01,9.665505226480836098e-01,7.710801393728222708e-01,9.749128919860626796e-01,9.756097560975609539e-01,9.627177700348431566e-01,8.059233449477352096e-01,8.006968641114982077e-01,7.871080139372822471e-01,7.494773519163763220e-01,9.767361111111111382e-01,8.135888501742160051e-01
